1 1010 
1 1015 
1 1212 
1 1215 
1 1216 
2 1098 
1 1158 
1 1107 
1 1157 
1 1177 
1 1120 
1 1035 
3 1052 
2 1161 
1 1167 
3 1177 
1 1150 
1 1016 
2 1034 
1 1193 
1 1189 
1 1036 
2 1086 
1 1069 
1 1107 
2 1085 
1 1151 
1 1203 
1 1211 
2 1199 
1 1197 
1 1072 
2 1009 
1 1026 
1 1168 
2 1025 
1 1110 
3 1104 
1 1213 
3 1230 
1 1035 
3 1086 
1 1099 
1 1105 
1 1177 
1 1132 
1 1081 
3 1187 
1 1006 
1 1165 
3 1049 
1 1147 
2 1069 
2 1121 
1 1144 
1 1008 
1 1148 
3 1070 
1 1045 
2 1220 
3 1223 
1 1066 
1 1023 
1 1095 
3 1097 
1 1094 
2 1147 
1 1208 
1 1141 
3 1053 
1 1097 
3 1169 
1 1001 
1 1048 
1 1240 
1 1197 
1 1006 
1 1122 
2 1141 
1 1244 
1 1055 
1 1156 
1 1027 
1 1107 
3 1242 
1 1143 
2 1118 
1 1020 
1 1222 
1 1093 
2 1228 
1 1227 
2 1171 
1 1126 
1 1192 
3 1248 
1 1052 
1 1242 
1 1091 
1 1212 
1 1199 
3 1193 
1 1142 
1 1013 
1 1224 
1 1142 
3 1197 
1 1145 
3 1221 
1 1040 
1 1037 
1 1109 
1 1047 
1 1076 
1 1116 
1 1062 
3 1121 
1 1035 
3 1185 
1 1107 
1 1143 
1 1143 
1 1035 
1 1175 
1 1110 
2 1191 
3 1160 
2 1223 
1 1029 
1 1058 
1 1031 
1 1198 
1 1090 
1 1152 
1 1085 
2 1081 
1 1189 
1 1213 
3 1200 
1 1041 
1 1044 
2 1047 
1 1189 
1 1091 
1 1181 
2 1152 
1 1127 
2 1030 
3 1124 
1 1017 
2 1232 
3 1058 
1 1033 
1 1052 
1 1240 
1 1055 
1 1250 
1 1141 
1 1121 
1 1155 
3 1016 
1 1218 
2 1203 
1 1182 
1 1220 
2 1080 
1 1142 
2 1106 
2 1086 
1 1243 
1 1129 
1 1127 
1 1005 
1 1000 
1 1068 
3 1233 
1 1145 
2 1063 
1 1128 
1 1070 
1 1222 
2 1246 
1 1099 
1 1198 
2 1046 
1 1043 
1 1016 
1 1104 
1 1139 
1 1048 
1 1241 
3 1007 
2 1133 
1 1230 
1 1102 
1 1055 
1 1246 
3 1092 
1 1140 
3 1065 
1 1062 
3 1223 
3 1065 
2 1122 
1 1142 
1 1124 
3 1052 
1 1204 
1 1144 
1 1162 
2 1235 
1 1235 
2 1242 
2 1160 
3 1045 
2 1055 
2 1132 
1 1014 
1 1209 
3 1207 
3 1109 
1 1067 
1 1005 
1 1072 
1 1198 
1 1131 
3 1072 
1 1051 
1 1031 
1 1193 
1 1084 
2 1175 
1 1213 
1 1028 
1 1010 
3 1142 
1 1034 
1 1210 
1 1009 
1 1228 
2 1192 
1 1084 
1 1243 
3 1240 
1 1017 
1 1058 
1 1227 
1 1072 
1 1187 
2 1197 
2 1034 
1 1175 
1 1214 
1 1165 
1 1176 
1 1186 
3 1037 
1 1091 
1 1140 
3 1236 
3 1224 
1 1017 
1 1022 
3 1002 
2 1057 
1 1245 
1 1217 
2 1004 
2 1045 
1 1250 
1 1065 
1 1092 
1 1060 
1 1180 
1 1055 
3 1249 
1 1107 
1 1154 
1 1220 
1 1013 
3 1099 
1 1193 
1 1021 
1 1136 
1 1202 
3 1147 
1 1161 
3 1060 
2 1159 
1 1185 
1 1050 
1 1136 
1 1242 
1 1104 
1 1034 
1 1168 
1 1048 
1 1007 
1 1045 
1 1089 
