1 1107 
1 1167 
1 1142 
2 1165 
1 1088 
1 1086 
1 1175 
1 1233 
3 1108 
1 1192 
1 1107 
1 1188 
1 1153 
1 1079 
1 1196 
1 1139 
1 1190 
2 1245 
1 1103 
3 1212 
3 1153 
1 1153 
1 1057 
1 1240 
1 1250 
1 1055 
1 1002 
1 1185 
1 1092 
3 1217 
1 1207 
1 1203 
2 1223 
1 1004 
1 1120 
2 1100 
1 1146 
3 1178 
1 1160 
3 1144 
1 1023 
1 1048 
3 1069 
3 1054 
1 1145 
1 1184 
1 1041 
1 1170 
1 1047 
1 1223 
1 1216 
1 1121 
2 1138 
1 1145 
1 1074 
1 1047 
1 1052 
1 1098 
2 1170 
1 1220 
1 1096 
3 1131 
1 1084 
3 1128 
1 1072 
1 1214 
3 1005 
1 1008 
1 1024 
1 1071 
1 1209 
3 1200 
2 1133 
1 1203 
1 1149 
1 1072 
2 1102 
1 1052 
1 1040 
1 1084 
2 1206 
1 1053 
1 1042 
1 1192 
2 1223 
3 1100 
3 1159 
1 1003 
1 1034 
3 1023 
1 1197 
1 1027 
2 1109 
3 1101 
1 1075 
1 1144 
1 1095 
1 1065 
2 1007 
1 1243 
1 1043 
1 1221 
2 1135 
1 1064 
1 1094 
2 1213 
1 1166 
1 1038 
1 1159 
1 1093 
2 1104 
1 1104 
1 1165 
2 1158 
1 1007 
2 1130 
1 1006 
3 1047 
1 1215 
2 1138 
3 1248 
1 1244 
3 1051 
1 1150 
1 1059 
1 1230 
2 1239 
1 1044 
1 1061 
1 1083 
1 1121 
1 1011 
3 1000 
1 1183 
3 1240 
1 1053 
1 1212 
1 1130 
1 1052 
1 1196 
1 1206 
2 1247 
2 1148 
1 1113 
1 1230 
2 1225 
1 1098 
1 1216 
1 1174 
1 1191 
1 1097 
1 1095 
3 1005 
2 1059 
1 1198 
1 1076 
1 1121 
3 1178 
3 1248 
1 1016 
1 1044 
1 1057 
3 1013 
2 1083 
1 1173 
1 1032 
1 1104 
1 1002 
1 1136 
3 1115 
1 1054 
3 1144 
1 1028 
3 1168 
3 1152 
1 1038 
2 1024 
3 1234 
1 1223 
1 1174 
1 1214 
2 1187 
1 1217 
1 1161 
2 1235 
3 1069 
1 1123 
1 1058 
1 1243 
1 1250 
1 1031 
1 1039 
3 1225 
2 1148 
1 1052 
3 1234 
1 1146 
2 1085 
2 1203 
1 1188 
2 1134 
1 1128 
2 1052 
1 1073 
3 1045 
1 1052 
1 1099 
2 1092 
1 1217 
1 1202 
1 1023 
1 1026 
1 1244 
1 1238 
1 1108 
1 1120 
1 1044 
1 1225 
2 1207 
3 1181 
3 1185 
1 1141 
1 1104 
1 1187 
3 1110 
1 1077 
1 1070 
3 1161 
3 1246 
1 1104 
1 1188 
1 1122 
1 1172 
1 1009 
1 1197 
1 1001 
2 1040 
1 1158 
2 1130 
3 1231 
1 1057 
1 1077 
2 1094 
1 1058 
1 1228 
1 1145 
1 1029 
1 1127 
1 1056 
1 1072 
1 1108 
1 1113 
1 1182 
1 1052 
2 1192 
1 1162 
1 1077 
2 1158 
1 1151 
1 1145 
3 1013 
1 1245 
2 1047 
1 1109 
1 1249 
1 1115 
3 1062 
1 1000 
1 1059 
1 1126 
1 1186 
1 1223 
1 1141 
1 1176 
1 1250 
1 1011 
1 1018 
3 1039 
1 1163 
2 1050 
2 1080 
1 1020 
1 1191 
1 1056 
1 1041 
1 1159 
2 1019 
2 1108 
3 1114 
3 1079 
1 1204 
1 1099 
1 1222 
2 1147 
1 1226 
1 1153 
1 1122 
1 1192 
1 1014 
1 1007 
