1 1012 
1 1227 
1 1061 
1 1245 
2 1116 
1 1006 
3 1187 
1 1160 
1 1075 
2 1000 
1 1118 
1 1074 
1 1004 
1 1037 
3 1250 
1 1200 
1 1099 
2 1236 
1 1113 
1 1021 
1 1127 
1 1210 
1 1178 
3 1103 
2 1009 
2 1064 
1 1151 
2 1129 
1 1073 
1 1121 
1 1233 
1 1104 
2 1060 
2 1234 
1 1232 
1 1103 
2 1106 
1 1000 
3 1247 
1 1237 
1 1072 
1 1107 
1 1142 
1 1116 
1 1183 
1 1058 
1 1209 
1 1058 
3 1019 
1 1122 
1 1073 
1 1203 
1 1190 
1 1012 
1 1131 
1 1165 
1 1008 
1 1153 
1 1079 
1 1188 
1 1131 
1 1098 
1 1149 
3 1235 
3 1175 
1 1230 
1 1161 
1 1203 
1 1081 
1 1091 
1 1220 
1 1068 
1 1222 
2 1247 
2 1006 
1 1139 
3 1204 
1 1232 
2 1111 
2 1104 
1 1222 
1 1165 
1 1092 
1 1233 
1 1058 
1 1036 
1 1179 
1 1156 
2 1244 
1 1016 
1 1227 
1 1009 
1 1152 
1 1128 
3 1060 
2 1141 
1 1117 
3 1200 
3 1116 
1 1238 
2 1171 
1 1125 
1 1071 
1 1173 
1 1151 
1 1008 
1 1114 
1 1056 
3 1003 
1 1096 
1 1035 
1 1077 
1 1148 
3 1080 
2 1111 
1 1009 
1 1044 
1 1149 
3 1019 
1 1208 
2 1006 
1 1047 
3 1116 
1 1045 
3 1046 
1 1148 
3 1118 
2 1030 
1 1068 
1 1227 
1 1186 
1 1051 
1 1210 
1 1179 
1 1181 
3 1050 
2 1066 
1 1181 
1 1213 
2 1144 
1 1145 
1 1092 
3 1113 
2 1183 
1 1170 
1 1108 
1 1117 
1 1146 
1 1151 
3 1088 
1 1237 
3 1125 
1 1206 
1 1123 
1 1161 
1 1165 
2 1151 
1 1218 
2 1109 
1 1077 
3 1236 
1 1153 
1 1183 
1 1057 
3 1041 
1 1025 
1 1154 
1 1112 
1 1026 
1 1086 
1 1014 
3 1034 
1 1114 
1 1231 
1 1146 
2 1193 
1 1208 
3 1075 
3 1175 
2 1070 
1 1169 
1 1166 
1 1206 
1 1031 
1 1109 
2 1010 
1 1019 
2 1040 
2 1056 
1 1050 
1 1063 
1 1237 
2 1107 
1 1018 
1 1060 
1 1235 
1 1168 
3 1019 
3 1104 
1 1104 
1 1233 
2 1215 
1 1036 
1 1232 
3 1233 
3 1028 
2 1206 
1 1190 
2 1113 
3 1004 
3 1198 
1 1208 
1 1139 
1 1153 
1 1125 
2 1021 
2 1016 
1 1201 
1 1029 
1 1230 
1 1146 
1 1155 
3 1218 
1 1200 
1 1139 
2 1044 
1 1062 
1 1083 
1 1061 
1 1223 
1 1223 
1 1228 
3 1189 
2 1193 
1 1148 
1 1046 
1 1025 
3 1050 
2 1194 
1 1208 
1 1175 
2 1096 
2 1218 
1 1185 
1 1181 
1 1169 
1 1036 
1 1161 
1 1211 
1 1101 
1 1202 
1 1124 
1 1057 
1 1046 
1 1244 
3 1222 
1 1101 
1 1186 
1 1246 
1 1208 
1 1076 
3 1034 
1 1004 
2 1163 
1 1245 
3 1124 
1 1026 
3 1215 
2 1015 
1 1237 
2 1086 
3 1234 
1 1001 
1 1116 
2 1117 
1 1213 
1 1061 
1 1073 
1 1093 
1 1018 
2 1172 
3 1178 
3 1136 
1 1168 
1 1061 
1 1135 
1 1053 
1 1093 
1 1115 
1 1090 
1 1234 
1 1070 
1 1009 
1 1099 
3 1082 
3 1015 
1 1236 
3 1091 
1 1074 
1 1072 
