1 1016 
1 1187 
1 1209 
1 1085 
1 1166 
1 1014 
1 1048 
1 1000 
1 1098 
1 1031 
1 1185 
2 1131 
1 1138 
3 1144 
1 1077 
1 1054 
1 1217 
3 1058 
1 1029 
2 1084 
1 1177 
1 1075 
3 1008 
1 1188 
1 1127 
1 1128 
1 1083 
1 1163 
1 1231 
1 1017 
1 1153 
3 1118 
1 1170 
1 1233 
1 1110 
1 1250 
1 1111 
1 1130 
1 1047 
1 1021 
1 1172 
1 1058 
2 1244 
1 1196 
2 1019 
2 1097 
1 1158 
1 1206 
2 1008 
1 1047 
2 1232 
1 1041 
1 1221 
2 1064 
1 1246 
1 1009 
2 1044 
1 1093 
1 1218 
1 1017 
1 1246 
1 1176 
1 1173 
2 1245 
2 1092 
1 1019 
2 1085 
1 1066 
1 1209 
3 1182 
1 1148 
2 1127 
2 1249 
1 1192 
3 1244 
1 1013 
2 1220 
3 1084 
1 1061 
1 1167 
1 1060 
2 1192 
1 1226 
1 1145 
1 1021 
2 1172 
1 1210 
1 1125 
1 1090 
1 1066 
1 1221 
3 1124 
1 1061 
1 1019 
3 1088 
1 1239 
3 1022 
1 1194 
1 1230 
3 1167 
2 1038 
2 1215 
1 1131 
2 1080 
3 1220 
1 1166 
1 1223 
1 1087 
1 1132 
1 1228 
3 1046 
2 1201 
1 1226 
1 1128 
1 1160 
1 1145 
3 1000 
3 1140 
1 1203 
1 1126 
1 1048 
1 1060 
3 1102 
1 1021 
3 1053 
1 1132 
1 1021 
2 1075 
1 1219 
1 1044 
3 1060 
2 1237 
1 1049 
1 1009 
3 1099 
1 1181 
1 1244 
1 1192 
1 1051 
1 1081 
1 1142 
1 1201 
1 1080 
1 1169 
2 1067 
1 1038 
1 1238 
3 1241 
1 1136 
1 1115 
1 1212 
1 1202 
1 1098 
3 1050 
3 1186 
1 1144 
1 1169 
3 1043 
1 1229 
1 1225 
1 1042 
1 1061 
1 1071 
3 1188 
1 1183 
1 1106 
1 1072 
3 1058 
2 1137 
2 1194 
1 1236 
1 1247 
3 1161 
1 1074 
1 1074 
2 1247 
1 1197 
2 1046 
1 1092 
1 1185 
2 1129 
1 1081 
1 1111 
1 1042 
1 1193 
1 1056 
1 1205 
2 1006 
2 1189 
1 1058 
1 1105 
1 1103 
1 1051 
1 1120 
3 1176 
1 1081 
1 1028 
1 1017 
1 1101 
1 1147 
3 1079 
1 1149 
2 1152 
1 1219 
2 1120 
3 1160 
1 1228 
3 1243 
1 1122 
1 1046 
1 1017 
1 1214 
2 1086 
1 1077 
1 1246 
2 1231 
3 1101 
1 1109 
1 1107 
1 1120 
3 1043 
1 1213 
1 1007 
1 1047 
1 1078 
1 1204 
1 1022 
1 1204 
2 1016 
3 1064 
1 1084 
1 1080 
1 1087 
1 1178 
3 1003 
3 1010 
1 1237 
1 1004 
2 1137 
1 1147 
1 1188 
1 1084 
1 1197 
3 1140 
1 1229 
3 1078 
2 1059 
1 1062 
1 1014 
3 1092 
3 1064 
1 1100 
2 1018 
1 1106 
1 1169 
1 1156 
1 1201 
1 1174 
3 1212 
1 1038 
2 1132 
2 1098 
1 1038 
2 1015 
2 1079 
3 1035 
1 1051 
1 1195 
1 1051 
1 1234 
1 1142 
3 1037 
3 1197 
1 1102 
1 1217 
1 1040 
1 1031 
1 1112 
1 1112 
1 1221 
3 1186 
1 1073 
1 1176 
1 1109 
1 1150 
1 1245 
2 1060 
1 1128 
1 1074 
1 1215 
1 1207 
1 1059 
1 1240 
1 1082 
1 1234 
1 1069 
1 1204 
3 1090 
1 1126 
2 1004 
