1 1169 
1 1126 
1 1071 
1 1246 
1 1210 
1 1048 
1 1108 
1 1028 
3 1122 
1 1033 
1 1218 
1 1133 
1 1167 
1 1037 
2 1191 
1 1081 
3 1180 
1 1179 
1 1010 
1 1001 
1 1140 
2 1196 
1 1126 
1 1148 
1 1093 
1 1222 
2 1164 
1 1129 
2 1125 
3 1086 
1 1085 
1 1069 
1 1246 
1 1001 
1 1190 
1 1023 
1 1116 
1 1004 
1 1212 
1 1021 
1 1182 
3 1099 
1 1021 
2 1219 
1 1130 
1 1220 
1 1040 
2 1211 
1 1022 
1 1019 
1 1203 
1 1014 
1 1139 
1 1030 
2 1122 
3 1174 
2 1122 
1 1112 
1 1117 
3 1143 
1 1229 
3 1042 
2 1030 
3 1166 
2 1220 
3 1109 
1 1218 
1 1062 
1 1012 
1 1038 
1 1038 
1 1152 
1 1131 
1 1052 
2 1039 
1 1059 
2 1137 
1 1081 
1 1241 
1 1154 
2 1105 
3 1186 
2 1110 
3 1020 
1 1168 
1 1068 
1 1103 
2 1236 
1 1167 
1 1011 
1 1165 
1 1016 
1 1029 
3 1101 
2 1240 
2 1035 
1 1100 
1 1066 
1 1125 
1 1241 
1 1036 
3 1142 
2 1102 
1 1178 
1 1076 
3 1101 
1 1028 
2 1006 
1 1229 
1 1004 
2 1120 
1 1023 
1 1156 
1 1070 
1 1216 
1 1034 
1 1202 
1 1066 
2 1124 
1 1214 
1 1047 
1 1122 
3 1141 
2 1223 
1 1046 
2 1214 
1 1014 
2 1203 
1 1055 
1 1010 
1 1038 
2 1123 
1 1002 
1 1201 
3 1049 
1 1193 
3 1187 
3 1127 
1 1133 
3 1135 
2 1063 
3 1112 
1 1047 
1 1234 
1 1080 
2 1089 
1 1113 
1 1121 
1 1245 
1 1233 
1 1125 
1 1061 
1 1239 
1 1217 
3 1044 
3 1091 
1 1097 
2 1156 
1 1185 
1 1113 
3 1231 
2 1136 
3 1054 
2 1029 
1 1188 
2 1075 
1 1177 
1 1063 
1 1005 
1 1237 
1 1084 
2 1128 
3 1007 
1 1074 
3 1036 
1 1057 
1 1102 
1 1003 
1 1210 
1 1179 
1 1086 
1 1101 
1 1229 
1 1135 
1 1133 
3 1125 
2 1206 
2 1171 
1 1094 
1 1072 
1 1226 
3 1037 
1 1218 
3 1184 
1 1189 
1 1069 
1 1224 
2 1162 
3 1189 
1 1200 
1 1107 
1 1208 
1 1172 
1 1048 
1 1064 
2 1235 
1 1135 
1 1006 
1 1158 
3 1009 
1 1068 
1 1002 
1 1084 
1 1234 
1 1107 
1 1196 
1 1201 
3 1096 
1 1003 
1 1247 
1 1185 
1 1190 
1 1249 
1 1055 
1 1013 
1 1207 
3 1089 
1 1174 
1 1102 
1 1030 
3 1195 
1 1234 
3 1046 
1 1186 
1 1058 
1 1182 
1 1158 
1 1124 
1 1025 
1 1232 
1 1047 
1 1070 
1 1198 
3 1133 
1 1212 
1 1166 
1 1049 
1 1203 
2 1199 
3 1135 
1 1212 
1 1103 
1 1029 
1 1222 
1 1188 
1 1213 
2 1143 
2 1123 
3 1239 
1 1080 
2 1210 
1 1174 
2 1202 
3 1091 
2 1107 
3 1078 
1 1029 
1 1223 
1 1237 
1 1113 
1 1210 
1 1074 
3 1002 
1 1160 
1 1230 
1 1176 
2 1108 
3 1165 
1 1029 
1 1119 
1 1234 
3 1243 
1 1183 
2 1223 
1 1137 
1 1217 
1 1180 
1 1247 
3 1238 
1 1169 
1 1187 
2 1135 
1 1099 
1 1037 
1 1123 
1 1059 
3 1049 
1 1245 
1 1153 
1 1075 
